%YAML 1.0
---
simple_model:
    format: 3
    pyramid:
        channel_features:
            shrink: 4
            color:
                enabled: 1
                smooth: 1
            gradient_magnitude:
                enabled: 1
                color_chn: 0
                norm_rad: 5
                norm_const: 0.005
                full: 0
            gradient_histogram:
                enabled: 1
                bin_size: null
                n_orients: 6
                soft_bin: 0
                use_hog: 0
                clip_hog: 0.2
        n_per_oct: 8
        n_oct_up: 0
        n_approx: 7
        min_rows: 19
        min_cols: 19
        lambdas: [ 0.0, 0.0011, 0.0011 ]
        pad: [ 4, 4 ]
        smooth: 1
    pNms:
        type: maxg
        overlap: 0.65
        ovrDnm: min
    seed: 0
    model_n_rows: 19
    model_n_cols: 19
    model_n_rows_pad: 20
    model_n_cols_pad: 20
    stride: 4
    classifier:
        fids: !!opencv-matrix
            rows: 3
            cols: 19
            dt: i
            data: [ 20, 20, 20, 0, 0, 20, 127, 20, 0, 20, 20, 0, 0, 127, 20, 0, 20,
                0, 25, 0, 0, 0, 0, 0, 0, 0, 0, 0, 0, 0, 0, 0, 0, 0, 0, 0, 0, 0, 0,
                0, 0, 0, 0, 0, 0, 0, 0, 0, 0, 0, 0, 0, 0, 0, 0, 0, 0 ]
        thrs: !!opencv-matrix
            rows: 3
            cols: 19
            dt: f
            data: [ 0.3063881695, 0.3063881695, 0.3063881695, 0.3232253492, 0.3232253492,
                0.3063881695, 0.255933702, 0.3063881695, 0.3232253492, 0.3063881695,
                0.3063881695, 0.3232253492, 0.3232253492, 0.255933702, 0.3063881695,
                0.3232253492, 0.3063881695, 0.3232253492, 0.3220674396, 0.0, 0.0,
                0.0, 0.0, 0.0, 0.0, 0.0, 0.0, 0.0, 0.0, 0.0, 0.0, 0.0, 0.0, 0.0, 0.0,
                0.0, 0.0, 0.0, 0.0, 0.0, 0.0, 0.0, 0.0, 0.0, 0.0, 0.0, 0.0, 0.0, 0.0,
                0.0, 0.0, 0.0, 0.0, 0.0, 0.0, 0.0, 0.0 ]
        child: !!opencv-matrix
            rows: 3
            cols: 19
            dt: i
            data: [ 2, 2, 2, 2, 2, 2, 2, 2, 2, 2, 2, 2, 2, 2, 2, 2, 2, 2, 2, 0, 0,
                0, 0, 0, 0, 0, 0, 0, 0, 0, 0, 0, 0, 0, 0, 0, 0, 0, 0, 0, 0, 0, 0,
                0, 0, 0, 0, 0, 0, 0, 0, 0, 0, 0, 0, 0, 0 ]
        hs: !!opencv-matrix
            rows: 3
            cols: 19
            dt: f
            data: [ -4.994999886, -4.994999886, -4.994999886, -4.994999886, -4.994999886,
                -4.994999886, -4.994999886, -4.994999886, -4.994999886, -4.994999886,
                -4.994999886, -4.994999886, -4.994999886, -4.994999886, -4.994999886,
                -4.994999886, -4.994999886, 5.005000114, -4.994999886, 5.005000114,
                5.005000114, 5.005000114, 5.005000114, 5.005000114, 5.005000114, 5.005000114,
                5.005000114, 5.005000114, 5.005000114, 5.005000114, 5.005000114, 5.005000114,
                5.005000114, 5.005000114, 5.005000114, 5.005000114, 5.005000114, -4.994999886,
                -4.994999886, -4.994999886, -4.994999886, -4.994999886, -4.994999886,
                -4.994999886, -4.994999886, -4.994999886, -4.994999886, -4.994999886,
                -4.994999886, -4.994999886, -4.994999886, -4.994999886, -4.994999886,
                -4.994999886, -4.994999886, -4.994999886, 5.005000114 ]
        weights: !!opencv-matrix
            rows: 3
            cols: 19
            dt: f
            data: [ 1.0, 0.999999404, 0.999999404, 0.9999995828, 1.000000358, 1.000000238,
                0.9999997616, 1.000000358, 0.9999996424, 1.000000238, 1.000000238,
                0.9999996424, 0.9999995232, 0.9999997616, 0.999999404, 0.9999996424,
                0.999999404, 1.0, 1.000000477, 0.5, 0.4999995828, 0.4999995828, 0.4999996424,
                0.5000000596, 0.5000000596, 0.4999996722, 0.5000000596, 0.4999996722,
                0.5000000596, 0.5000000596, 0.4999996722, 0.4999996424, 0.4999996722,
                0.4999995828, 0.4999996722, 0.4999995828, 0.5000001192, 0.5000325441,
                0.5, 0.4999998212, 0.4999997914, 0.4999999404, 0.500000298, 0.5000002384,
                0.5000001192, 0.500000298, 0.4999999702, 0.5000002384, 0.5000001788,
                0.5, 0.4999998808, 0.5000001192, 0.4999997914, 0.5, 0.4999998212,
                0.4999999404, 0.4999678731 ]
        depth: !!opencv-matrix
            rows: 3
            cols: 19
            dt: i
            data: [ 0, 0, 0, 0, 0, 0, 0, 0, 0, 0, 0, 0, 0, 0, 0, 0, 0, 0, 0, 1, 1,
                1, 1, 1, 1, 1, 1, 1, 1, 1, 1, 1, 1, 1, 1, 1, 1, 1, 1, 1, 1, 1, 1,
                1, 1, 1, 1, 1, 1, 1, 1, 1, 1, 1, 1, 1, 1 ]
        tree_depth: 1
